natives_humans = {
	graphical_culture = inuitgfx
	color = { 0 255  255 }
	icon = 4
	
	unit = human_warriors
	
	provinces = {
		2707 2706 2705 2701 2700 2704 2702 2703 2591 2699 2698 2694 2695 2696 2697 2590 2591 149 2692 2693 2593 2589 2588 2587 2586 2585 2595
		2691 2592 2594 2596 2584
	}
}
natives_fauns = {
	graphical_culture = indiangfx
	color = { 0 255  0 }
	icon = 1
	
	unit = shireate_rangers
	
	provinces = {
		1837 1838 1839 1840 1843 1845 1846 1847 1851 1854 1855 1856 1857 1858 1859 1860 1869 1868 1870 1871 1872 1924 1925 1926 1927 1928 1929 1930 1931 1932 1933 1934 1935 1936 1937 1938 1939 1940 1941 1942 1943 1944 1945 1946 1947 1948 2478 2479 2480 #1873 1874
		3010 3011 3012 3013 3021 3020 3019 3018
		1949 1950 1951 1952 1953 1954 1988 1989 1990 1991
		1992 1993 1994 1995 1996 1997 1998 1999 2000 2001 2002 2003 2004 2005 2006 2007 2008 2009 2010 2011 2012 2013 2014 2015
		2398 2399 2400 2401 2402 2403 2404 2405 2406 2407 2408 2409 2410 2411 2412 2413 2414 2415 2416 2417 2418 2419 2420 2421 2422 2423 2424 2425 2426 2427 2428 2429 2430 2431 2432 2433 2434 2435 2436 2437 2438 2439 2440 2441 2442 2443 2444
		2445 2446 2447 2448 2449 2450 2451 2452 2453 2454 2455 2456 2457 2458 2459 2460 2461 2462 2463 2464 2465 2466 2467 2468 2469 2470 2471 2472 2473 2474 2475 2476 2477
		2483 2491 2490 2488 2482 2485 2484 2486 2487 2489 2492 2493 2494 2495 2496 2497 2498 2499 2500 2501 2502 2504 2503 2505 2506 2507 2510 2509 2508 2511 2512 2481 2955 2953 2956 2954
		2973 2974 2975 2976 2977 2978 2979 2980 2981 2982 2983 2984 2985 2986 2987 2988 2989 2990 2991 2992 2993 2994 3002 3003 3004 3005 3008 3009 3007 3006 3000 3001 2998 2999 3014 3015 3017 3016
		2972 2971 2970 2969 2968 1844 1848 1849 1850 1853 1852 3397 3395 3393 3396 3394 3401 3402
	}
}
natives_scurian = {
	graphical_culture = africangfx
	color = { 0 255  0 }
	icon = 1
	
	unit = squirrel_sharpened_sticks
	
	provinces = {
		3731 3733 3729 3730 3732 3735
	}
}