nylka={
	location=803
	color={
		137 188 141 
	}
	outgoing={
		name="the_cradle"
		path={
			804 786 785 784 783 777 776 767 33 
		}
		control={
			1166.000000 1470.000000 
		}
	}
	members={
		763 764 765 766 774 775 776 777 778 779 780 781 782 783 784 785 786 787 788 789 790 791 792 793 794 795 796 797 798 799 800 801 802 803 804 805 806 807 808 809 810 811 812 813 814 815 816 817 818 819 820 821 822 823 824 825 826 827 828 829 830 831 832 833 834 835 836 837 838 839 840 841 842 843 844 845 846 847 848 849 850 851 852 853 854 855 856 857 858 859 860 861 862 863 864 865 866 867 868 869 870 871 872 873 874 875 876 877 878 879 880
	}
}
nadara={
	location=734
	color={
		137 188 141 
	}
	outgoing={
		name="cyueg"
		path={
			617 549 557 
		}
		control={
			1166.000000 1470.000000 
		}
	}
	outgoing={
		name="yhenil"
		path={
			617 549 557 
		}
		control={
			1166.000000 1470.000000 
		}
	}
	members={
		120 463 729 730 731 732 733 734 735 736 737 738 739 740 741 742 743 744 745 746 747 748 749 750 751 752 753 754 755
	}
}
cyueg={
	location=646
	color={
		17 144 0 
	}
	outgoing={
		name="enoresath"
		path={
			617 549 557 
		}
		control={
			1166.000000 1470.000000 
		}
	}
	members={
		2 638 639 640 641 642 643 644 645 646 647 648 649 650 651 652 653 654 655 656 657 658 659 660 661 662 663 664 665 666 667 668 669 670 671 672 673 674 675 676 677 678 679 680 681 682 683 684 685 686 687 688 689 690 691 692 693 694 695 696 697 698 699 700 701 702 703 704 705 706 707 708 709 710 711 712 713 714 715 716 717 718 719 720 721 722 723 724 725 726 727 728 
	}
}
enoresath={
	location=616
	color={
		172 166 207 
	}
	outgoing={
		name="enalean"
		path={
			617 549 557 
		}
		control={
			1166.000000 1470.000000 
		}
	}
	members={
		593 594 595 596 597 598 599 600 601 602 603 604 605 606 607 608 609 610 611 612 613 614 615 616 617 618 619 620 621 622 623 624 625 626 627 628 629 630 631 632 633 634 635 636 637 
	}
}
enalean={
	location=555
	color={
		145 36 74 
	}
	outgoing={
		name="yhenil"
		path={
			543 542 543 535 526 527 532 517 516 514 
		}
		control={
			1296.000000 1442.000000 1386.000000 1430.000000 
		}
	}
	outgoing={
		name="irrilanra"
		path={
			554 560 562 563 544 30 502 
		}
		control={
			1325.000000 1522.000000 
		}
	}
	members={
		547 548 549 550 551 552 553 554 555 556 557 558 559 560 561 562 563 564 565 566 567 568 569 570 571 572 573 574 575 
	}
}
irrilanra={
	location=502
	color={
		98 209 199 
	}
	outgoing={
		name="kyatlas"
		path={
			503 105 107 95 93 85
		}
		control={
			1428.000000 1546.000000 1487.000000 1552.000000 1539.000000 1525.000000 
		}
	}
	outgoing={
		name="yhenil"
		path={
			503 510 511 512 
		}
		control={
			1407.000000 1507.000000 1427.000000 1495.000000 
		}
	}
	members={
		96 97 98 99 100 101 102 103 104 105 106 502 503 504 505 508 509 510 544 545 546 577 578 579 580 581 582 583 584 585 586 587 588 589 590 591 592 
	}
}
yhenil={
	location=514
	color={
		182 200 154 
	}
	outgoing={
		name="the_cradle"
		path={
			34 33 
		}
		control={
			1526.000000 1475.000000 
		}
	}
	members={
		1 46 47 48 107 108 109  500 501 506 507 511 512 513 514 515 516 517 518 519 520 521 522 523 524 525 526 527 528 529 530 531 532 533 534 535 536 537 538 539 540 541 542 543 
	}
}
kyatlas={
	location=85
	color={
		182 200 154 
	}
	outgoing={
		name="the_cradle"
		path={
			93 91 89 49 50 53 34 33
		}
		control={
			1526.000000 1475.000000 
		}
	}
	members={
		85 49 50 51 52 60 61 62 63 64 65 66 67 68 69 70 71 72 73 74 75 76 84 86 87 88 89 90 91 92 93 94 95 756 757 758 759
	}
}
the_cradle={
	location=33
	color={
		220 138 57 
	}
	members={
		33 53 54 55 56 57 58 59 77 78 79 80 81 82 83 760 761 762 767 768 769 770 771 772 773
	}
	end=yes
}
