# A province can only belong to one area!

#Sea Areas:
#No restriction on size.

grand_sea_area = {
	33 34 35 36 37 38 39 41
}

filler_sea = {
	110 111 112 113 114 115 116 159 160 161 162 163 164 165 166 167 168 169 170 171 172 173 174 175 177 179 180 181 182 183 184 185 186 187 188 189 190 191 192 193 194 195 196 197 198 199 200 201 202 203 204 205 206 207 208 209 210 211 212 213 214 215 216 217 218 219 220 221 222 223 224 225 226 227 228 229 230 231 232 233 234 235 236 237 238 239 240 241 242 243 244 245 246 247 248 249 250 251 252 253 254 255 256 257 258 259 260 261 262 263 264 265 266 267 268 269 270 271 272 273 274 275 276 277 278 279 280 281 282 283 284 285 286 287
	288 289 290 291 292 293 294 295 296 297 298 299 300 301 302 303 304 305 306 307 308 309 310 311 312 313 314 315 316 317 318 319 320 321 322 323 324 325 326 327 328 329 330 331 332 333 334
	335 336 337 338 339 340 341 342 343 344 345 346 347 348 349 350 351 352 353 354 355 356 357 358 359 360 361 362 363 364 365 366 367 368 369 370 371 372 373 374 375 376 377 378 379 380 381 382 383 384 385 386 387 388 389 390 391 392 393 394 395 396 397 398 399 400 401 402 403 404 405 406 407 408 409 410 411 412 413 414 415 416 417 418 419 420 421 422 423 424 425 426 427 428 429 430 431 432 433 434 435 436 437 438 439 440 441 442 443 444 445 446 448
}

#land areas

ylasemyva_area = {
	46 47 48
}
oruinyal_area = {
	49 50 51 52
}
lower_mytn_area = {
	53 54 55 56
}
upper_mytn_area = {
	57 58 59
}
old_kyath_area = {
	60 61 62 63
}
elraithe_area = {
	64 65 66 67 68
}
upper_indoranas_area = {
	69 70 71 72 73
}
lower_indoranas_area = {
	74 75 76
}
lesser_iwenlumy_area = {
	77 78 79
}
greater_iwenlumy_area = {
	80 81 82 83
}
kyatlasia_area = {
	84 85 86 87 88
}
anores_area = {
	 89 90 91 92
}
liren_area = {
	93 94 95
}
titar_area = {
	96 97 98 99 100
}
matnolu_area = {
	101 102 103 104
}
lurt_area = {
	105 106 107 108 109
}
ildahir_area = {
	502 503 504
}
landir_area = {
	505 506 507
}
ihadar_lesser_area = {
	508 509 510
}
ihadar_area = {
	511 512 1
}
elesilon_area = {
	513 514 515 500 501
}
himlunelo_area = {
	516 517 518 519 520 521
}
north_doninas_area = {
	522 523 524 525
}
south_doninas_area = {
	526 527 528 529
}
sellalra_area = {
	530 531 532 533
}
iarion_area = {
	534 535 536 537 538
}
olores_area = {
	539 540 541 542 543
}
yransa_area = {
	544 545 546
}
parian_area = {
	547 548 549 550 551
}
kanzan_area = {
	552 553 554 555
}
nilaur_area = {
	556 557 558 559
}
eastern_srandor_area = {
	560 561 562 563
}
western_srandor_area = {
	564 565 566 567 568
}
oramarnona_area = {
	573 574 575
}
upper_oramarnona_area = {
	569 570 571 572
}
cerinia_area={
	576
}
zornazar_area={
	581 582 583 584
}
lower_parhama={
	577 578 579 580
}
upper_parhama={
	585 586 587 588
}
vellitnarland={
	589 590 591 592
}
ortvein_outlands={
	 593 594 595 596
}
krashyrvil={
	597 598 599
}
tanhurzel={
	600 601 602 603 604 
}
lamnas_valley={
	605 606 607
}
oayvein={
	608 609 610
}
telsnien={
	611 612 613
}
oflorhan={
     614 615 616 617
}
lyllumana={
	618 619 620 621 622
}
filsad={
	623 624 625 626
}
insase={
	627 628 629 630
}
enaleanlume={
	631 632 633 634
}
eritys={
    635 636 637
}	
	